111
115)
131
135
138
144
162
227
278
ἲ()5
297
298
301
302
305
311
312
321
326
331
351
354
368
370
377
381
382
397
402
404
412
417

sqq.

INDEX LOCORVM

683
586
551
410
1199
1052
53. 58
1078
394
969
912
18,912
186

325
256
953
1234
1-1
777
52
37 44
734
777
777
1115
586
583
54
54
216
975
526
180
1284
449
809
220
25,765
1275
598
912
256
1088
777
2“88
431
91“2
180, 994
660

11.

435
444
449
452
454
477
479
496
500
529
536
580
583
589
612
639
653
658
659
663
693

771, 777

803
809
814-815
817-818
847
852
879
895
900
906
909
915

922sqq.

950
951
966
999
1027
1038·39
1050
1052
1057
1076
1082
1102

13
28
52

783

961

52
203,961
205

683

52

438

961
1245
81,1285
52

660
1007

65

636
324
361

56

10 478
438
396
535, 633
128
943
1121
766

97

643
450

75

943

53

31
203
179
392
552
535
811
857
366
288

1090
1265

1227
546
1127

“Passaqes de Lucrfzce cites dans le commentaire.'‘

55
66
74
76
97
112
118
142
145
147—148
154
156
161-164
174
194
195—6
216
249
257
263
269
297
308
309
313
327
333
340 1
344
351
377
394
397
398
400
410

414
06

ίω..

423
429
435-6
438
477
485
492
493
505
531
541
547
548

634
1105
301
862
885
1009
176
1007
202
203
763
206
934
271
1050
256
514
877
990
890
392
256
392

112, 186

579
27, 643
88
1007
5)
680
1149
671
658
11
544
678
622
153
65
3:31
943
742
116

⁴25
551
190

968
885

