718
719
721
724
757
768
776
803
825
835
842
843
845
847
853
862
864
878
882
885
888
890
892
899
927
932
949
952
962
1056
1067
1074
1075
1078
1091
1096
1123
1125
1160
1168
1171
1176
1177
1181
1186
1190
1191
1211
1222-1223

372
129
340
242
129
811

372,763

712,

58
1007
688
1242
831
462
1105
1195
1005
998
739
53
38
1105
739
732
641
828
1071
804
1115
1201
837
998
1105
1052
1007
256
811
464
811
83
614
38
660
811
38
825
460
180
502
83

171.

INDEX LOCORVM

1227
1237
1268
1271
1274
1279
1283
1293
1313
1382
1384
1387
1398
1401
1405
1434
1442
1451

100-101

660
518
203
464

53
392
843
363
464
588
363
591
589
789
588
363
180
551

180
1090
37
26
701
81-82
76
690
690
1011
163
598
170
1011
336
650
116
1121
1069
374
331‚500
331
692
1212
192
333
1115
811
1261
550

742
769
773
774
777-778
797
804
823
838
856
917
919
921-925
946
951
967
970
978
979
981sqq.
990
1002sqq.
1027
1031
1050
1056
1061
1087
1095
1102
1105
1132
1158
1169
1176
1183
1188
1206
1222
1227
1230
1232
1239
1242
1260
1263
1332

’173

37⁴
633‚681
636
019
331
888
670,729
374
371
1078
777
885
216-229
867
598
431
611,636
660
884
650
117
280
193
897
339
256, 171
117
1149
1019
660

50

221
660
1011
660
758

9

1011
996
637
256
1119
321
336
536
363
161

