94-96
109
117
123-9
136
150-1
159
139
191 sq.
203
206-7
216
213
219
232
250
252-3
253-9

Lucnsscm. —- DE LA NATURE. Lrvnss ιν
396 261 363 907
256 272 1227 912
546 276 271 913

5 313 1227 914
1227 319 256,457 - 917
637 322 921 913
1225 327 271 925
649 343 203 926
9 3634 ³24 928
178 370 256 940
340 331 1242 957
69 391 777 972
340 401 924 931
1126 409 288 992
65 421 829 994
660 422 750 1002
1171 425 743 1003
750 426 699 1019
116 431 33,271,453 1022
33 434 752 1023
356 437-9 32 1035
413 449 1038 1037
478 455 699 1042
783 476 955 1049
572 484 203, 921 1052
955 495 523 1032
860 498 361
777 499 946 V. 6
1181 500 961 9
367 502 339 32
82 504 1022 33
586 507 946 35
1239 526,530 363 43
531 752 45
3,777 534 431 62
1074 542 363 73
131 531 1242 117
937 532 91 149
329 536 93 181-183
789 590 946 234
18 593 518 247
418 597 271 274
729 613 699 281
26 614 61 290
336 315 753 293
41 , 624 825 302
1003 626 777 306
729 647 315,1276 335
1133 649 847 390
37 662 639 402
336 690 1033 425
1195 734 336 434
883 741 993,1005 473
886 « 746 1005, 1225 483
886 764 987 517
333 770 1105 533
886 779 824 556
77 799 916 566
671 300 947 593
752 803 50 598
25, 52 827 1135 605
333 329 1121 623-624
750 333 1253 629-631 εᾳ(μ
647 343-5 31 646
56 864 77 666
473 373 1032 697
197 895 1253 706-707
31 397 392 710

77‚1077

203‚899
1115
729
81-82
31-32
291

256

404

242

363

'‘K-²15*22·¹5' ³.,;’8.·9xcs,ffl;,a·,ssffi; · ” “””’“1 [Ἀ · 52⁴- ’μζ-,ζ „ Α .-- .·‘

,ξ
-ῑ

ffb-1⁴, - ,

      

· ’ Α ι”ῡῐὲΪν

 

Ἀ ⁴ r ’ *Q-*ssffis‘*

